111 222 333 444 555 666 777 888 999 000
111 222 333 444 555 666 777 888 999 000
123 456 789 012 345 678 901 234 567 890
321 654 987 210 543 876 109 432 765 098
112 223 334 445 556 667 778 889 990 011
121 232 343 454 565 676 787 898 909 010
135 246 357 468 579 680 791 802 913 024
192 837 465 019 283 746 501 928 374 650
918 273 645 091 827 364 509 182 736 450
531 642 753 864 975 086 197 208 319 420
147 258 369 470 581 692 703 814 925 036
102 304 506 708 910 203 405 607 809 011
987 654 321 098 765 432 109 876 543 210
159 267 348 051 396 420 783 168 504 927
741 852 963 074 185 296 307 418 529 630